Solusi sistem persamaan linier:
X1 = 6.0557768924302735 + (-17.545816733067706)t
X2 = -5.118725099601583 + (29.97609561752983)t
X3 = 6.023904382470108 + (-32.948207171314685)t
X4 = t
